Avenue_07	-91.97,10.76,8.12,2.88,0.77,0.04
Avenue_10	-85.58,9.55,15.65,2.87,0.70,0.02
Avenue_12	-86.65,7.13,23.19,2.41,0.61,0.00
Avenue_13	-89.98,9.44,17.24,3.97,0.63,0.04
Avenue_14	-89.92,9.34,22.02,3.26,0.72,0.29
Avenue_15	-88.90,9.99,22.81,4.07,0.67,0.30
Avenue_16	-90.23,11.68,19.62,2.97,0.67,0.26
Highway_09	-88.42,5.10,28.94,5.87,0.70,0.02
Highway_10	-89.80,6.27,17.20,3.03,0.69,0.02
Highway_13	-91.05,8.86,11.19,8.90,0.61,0.00
Highway_14	-87.42,11.36,31.24,6.02,0.68,0.17
Highway_15	-93.33,9.95,27.87,3.86,0.65,0.16
Highway_16	-91.76,9.45,54.55,4.19,0.69,0.32
Park_07	-94.39,13.34,9.31,2.87,0.77,0.04
Park_08	-83.83,12.39,14.92,1.70,0.77,0.04
Park_09	-79.97,14.85,15.09,2.54,0.71,0.02
Park_12	-80.88,14.90,21.67,2.54,0.62,0.00
Park_13	-84.73,14.26,21.11,3.72,0.69,0.17
Park_14	-85.20,13.81,18.28,3.53,0.70,0.22
Park_15	-86.48,13.03,16.82,3.60,0.65,0.18
Park_16	-81.56,14.96,15.79,3.70,0.72,0.46
Residential_08	-72.25,14.22,2.67,3.11,0.77,0.04
Residential_09	-88.01,10.18,14.12,2.26,0.70,0.02
Residential_12	-82.61,9.10,12.60,3.71,0.62,0.00
Residential_13	-89.53,10.48,15.39,2.91,0.62,0.00
Residential_14	-87.22,13.43,7.26,3.52,0.63,0.07
Residential_15	-88.70,10.66,13.40,2.62,0.68,0.23
Residential_16	-88.02,10.76,15.29,2.22,0.73,0.44
Tunnel_10	-105.86,6.23,59.84,2.16,0.70,0.02
Tunnel_13	-107.41,5.77,10.63,4.48,0.61,0.00
Tunnel_14	-109.31,-1.08,49.50,2.37,0.71,0.24
Tunnel_15	-103.88,10.47,46.46,2.16,0.66,0.19
Tunnel_16	-104.50,10.16,71.87,1.81,0.73,0.43
